-8.610987448645911480e-01 -8.037759004243688610e-02 -8.948607905413373531e-02 -3.005473966945704789e-01
-4.839557553420690827e-01 -4.961990814353164220e-02 -7.931384538346811230e-02 -1.083167573101176256e-01
-1.365923177431781932e+00 -7.985251117553168188e-01 5.152542250466722873e-01 9.077471639174340412e-01
3.354111683726548332e-01 -8.005575535972619949e-01 -7.804833061214712098e-01 8.067604110160313535e-01
5.439610046390510600e-01 7.152361454355028458e-01 -5.876890780943239134e-01 -1.218753857788367201e+00
7.458735229128750019e-03 -1.238482645425108997e+00 2.346966789807000964e-01 3.311393945239819447e-01
9.802834457247153743e-01 -3.580033414394357960e-01 -3.082679731933734568e-01 -6.416908969592830525e-01
6.066389859139235119e-01 -6.040242961389612475e-01 6.364384504628073369e-01 -1.147216917382986034e+00
-1.369957373288330782e-01 2.147777293039462854e-01 -1.044723729503054255e+00 3.887134680269786480e-01
-1.657545840820264793e-01 2.369563032770173883e-01 -1.155116848323469059e+00 4.356339697623945462e-01
-2.943844761885957007e-01 4.857056454178619309e-01 -4.566144407819384132e-01 -4.231989557007425073e-01
-3.649095030953286023e-01 -5.876129008312938606e-02 -5.914943258460823167e-02 -1.204430912262589026e-01
1.039716999950143217e+00 -5.508057063417466370e-01 -7.038981732983490280e-01 -1.642731803022875747e-01
-5.286318783152419432e-01 -6.013509338356143319e-01 9.709738225378022891e-01 -5.247452561214204225e-01
